6.642140282801931
3.241746417524452
4.169443167131226
4.832428342965967
8.63230979872307
30.739131728849607
3.6833660030652826
3.558655579989134
4.46332741097094
6.0118047294713755
46.27215642788264
6.996742078106665
6.143014208713611
2.4056736542452097
3.3630498441543395
6.370628078961563
3.869701330350183
2.5450348765596575
2.275641535171723
26.117002684124547
8.005066738154905
2.8376102598840958
3.6090526853675904
2.531011530012417
3.3329846090814947
22.411622624360795
6.593854497689788
3.2291642050191185
6.22682165890933
24.60365157692688
7.531203547340176
8.166630481459935
3.6183509078454827
6.393943089565888
3.060908440120692
3.9644268933303652
3.856313431377544
2.7665560262196545
11.925386710140616
14.109615974557896
5.170850846725265
45.346471129039585
18.49870967517628
2.4420894979111694
17.609317464247297
10.596043177088086
3.293939744329148
8.400410078614467
3.327350945324662
54.15396792008731
6.08522426951512
2.989869775430187
4.125528188003305
3.731649234193434
4.996107447604028
20.301256744227608
28.57034906775951
2.8339720278843266
2.4325583726325695
2.6145626674374416
5.48889616149904
2.808397028363388
9.259220498455214
10.49801860262052
25.038273751140494
36.465352893543134
3.9598926448259464
22.057486907055242
3.0934717759128967
2.4620931551680028
4.754213708229621
3.799243325793935
