1.5398894013160178
1.5552089875495339
1.4696848959416662
1.3638828153543996
2.4279147639144876
1.6493258696475288
1.7721757675602985
1.5503086305317426
1.3991654158231137
1.5099360023240664
1.4308564605612493
1.5191605261759469
1.5074244465976279
1.5793100961634137
1.3342181460442832
1.521431917264969
1.3811171150012063
1.4415465288476426
1.405173525734015
1.3175704828053347
1.4581881159219672
1.382150678424001
1.4047105660429067
1.2519457865495223
1.5434915285881778
1.344695323223625
1.400940347271949
1.396238041939024
1.4770753072564424
1.5375937310955792
1.4004862031974419
1.409515778731778
1.4021024100063821
1.527237864971242
1.4023961080284355
1.4984461830244795
1.4401562978486635
1.4163283867142842
1.3774675387022417
1.50973168921808
1.4705368926694382
1.545952051735287
1.3177791278122215
1.5329205961202381
1.4360062588352451
1.4086885509357194
1.4517492183166836
1.372153526814198
1.4309324465638398
1.3711091407198137
1.5336773673248336
1.4379937721982434
1.489126111580422
1.4676499845938742
1.4643088805747708
1.386489813570919
1.4636703409174232
1.4897090892122422
1.504032590661384
1.3593719943883784
