1.8053 0.01
1.6455 0.01
1.5988 0.01
1.5648 0.01
1.7437 0.01
1.7925 0.005
1.5938 0.005
1.7478 0.005
1.6683 0.005
1.6491 0.005
1.5814 0.0025
1.5399 0.0025
1.633 0.0025
1.6164 0.0025
1.6671 0.0025
1.5035 0.00125
1.6914 0.00125
1.6688 0.00125
1.6287 0.00125
1.5839 0.00125
1.602 0.000625
1.6684 0.000625
1.8187 0.000625
1.6857 0.000625
1.576 0.000625
1.6605 0.0003125
1.6594 0.0003125
1.5328 0.0003125
1.6454 0.0003125
1.6904 0.0003125
1.6468 0.00015625
1.6323 0.00015625
1.728 0.00015625
1.7682 0.00015625
1.6236 0.00015625
1.6059 7.8125e-05
1.5684 7.8125e-05
1.8712 7.8125e-05
1.5701 7.8125e-05
1.6336 7.8125e-05
1.5996 3.90625e-05
1.5772 3.90625e-05
1.7724 3.90625e-05
1.5621 3.90625e-05
1.5589 3.90625e-05
1.9051 1.953125e-05
1.569 1.953125e-05
1.6506 1.953125e-05
1.7151 1.953125e-05
1.6839 1.953125e-05
1.6827 9.765625e-06
1.6283 9.765625e-06
1.7586 9.765625e-06
1.8333 9.765625e-06
1.6094 9.765625e-06
1.6338 4.8828125e-06
1.6678 4.8828125e-06
1.6472 4.8828125e-06
1.6441 4.8828125e-06
1.8178 4.8828125e-06
1.6816 2.44140625e-06
1.6666 2.44140625e-06
1.9 2.44140625e-06
1.5302 2.44140625e-06
1.8175 2.44140625e-06
1.9486 1.220703125e-06
1.9586 1.220703125e-06
1.7193 1.220703125e-06
1.4909 1.220703125e-06
1.6825 1.220703125e-06
1.5371 6.103515625e-07
1.5892 6.103515625e-07
1.6864 6.103515625e-07
1.83 6.103515625e-07
1.5757 6.103515625e-07
1.6188 3.0517578125e-07
1.8239 3.0517578125e-07
1.6127 3.0517578125e-07
1.6113 3.0517578125e-07
1.7457 3.0517578125e-07
1.7405 1.52587890625e-07
1.6452 1.52587890625e-07
1.6777 1.52587890625e-07
1.7276 1.52587890625e-07
1.7001 1.52587890625e-07
1.6243 7.62939453125e-08
1.6388 7.62939453125e-08
1.8284 7.62939453125e-08
1.763 7.62939453125e-08
1.7241 7.62939453125e-08
1.5746 3.814697265625e-08
2.1253 3.814697265625e-08
1.6745 3.814697265625e-08
1.7762 3.814697265625e-08
1.6276 3.814697265625e-08
1.5593 1.9073486328125e-08
1.6008 1.9073486328125e-08
1.5675 1.9073486328125e-08
1.7684 1.9073486328125e-08
1.9548 1.9073486328125e-08
1.7147 9.5367431640625e-09
1.662 9.5367431640625e-09
1.7315 9.5367431640625e-09
1.8241 9.5367431640625e-09
1.6313 9.5367431640625e-09
1.5704 4.76837158203125e-09
1.6788 4.76837158203125e-09
1.6535 4.76837158203125e-09
1.728 4.76837158203125e-09
1.8361 4.76837158203125e-09
1.7772 2.384185791015625e-09
1.7706 2.384185791015625e-09
1.7583 2.384185791015625e-09
1.6453 2.384185791015625e-09
1.6511 2.384185791015625e-09
1.4927 1.1920928955078125e-09
1.4925 1.1920928955078125e-09
1.5958 1.1920928955078125e-09
1.9495 1.1920928955078125e-09
1.7855 1.1920928955078125e-09
1.5852 5.960464477539063e-10
1.646 5.960464477539063e-10
1.4839 5.960464477539063e-10
1.7909 5.960464477539063e-10
1.5458 5.960464477539063e-10
