1.5233 0.01
1.6887 0.01
1.5471 0.01
1.626 0.01
1.6977 0.01
1.6288 0.005
1.5719 0.005
1.8151 0.005
1.5715 0.005
1.5609 0.005
1.7636 0.0025
1.6114 0.0025
1.5267 0.0025
1.7462 0.0025
1.6774 0.0025
1.5869 0.00125
1.6353 0.00125
1.8313 0.00125
1.8094 0.00125
1.5611 0.00125
1.7121 0.000625
1.6249 0.000625
1.755 0.000625
2.1174 0.000625
1.7262 0.000625
1.6737 0.0003125
1.6063 0.0003125
1.5403 0.0003125
1.6603 0.0003125
1.5475 0.0003125
1.5111 0.00015625
1.7824 0.00015625
1.5968 0.00015625
1.6607 0.00015625
1.4947 0.00015625
1.5061 7.8125e-05
1.4256 7.8125e-05
1.6954 7.8125e-05
1.7445 7.8125e-05
1.5725 7.8125e-05
2.0135 3.90625e-05
1.7382 3.90625e-05
1.6009 3.90625e-05
1.6835 3.90625e-05
1.6916 3.90625e-05
1.6037 1.953125e-05
1.6379 1.953125e-05
1.6715 1.953125e-05
2.2498 1.953125e-05
1.822 1.953125e-05
1.7503 9.765625e-06
1.8481 9.765625e-06
1.816 9.765625e-06
1.696 9.765625e-06
1.7188 9.765625e-06
1.777 4.8828125e-06
1.69 4.8828125e-06
1.5328 4.8828125e-06
1.4656 4.8828125e-06
1.6115 4.8828125e-06
1.654 2.44140625e-06
1.552 2.44140625e-06
1.6151 2.44140625e-06
1.5712 2.44140625e-06
1.8438 2.44140625e-06
1.7861 1.220703125e-06
1.6284 1.220703125e-06
1.8049 1.220703125e-06
1.6173 1.220703125e-06
1.7816 1.220703125e-06
1.7394 6.103515625e-07
1.5455 6.103515625e-07
1.654 6.103515625e-07
1.6785 6.103515625e-07
1.5348 6.103515625e-07
1.5991 3.0517578125e-07
1.5257 3.0517578125e-07
1.5305 3.0517578125e-07
1.5536 3.0517578125e-07
1.5431 3.0517578125e-07
1.7329 1.52587890625e-07
1.672 1.52587890625e-07
1.5469 1.52587890625e-07
1.9306 1.52587890625e-07
1.7602 1.52587890625e-07
1.5896 7.62939453125e-08
1.8016 7.62939453125e-08
1.6242 7.62939453125e-08
1.5303 7.62939453125e-08
1.8085 7.62939453125e-08
1.8142 3.814697265625e-08
1.5466 3.814697265625e-08
1.5936 3.814697265625e-08
1.6949 3.814697265625e-08
1.5094 3.814697265625e-08
1.7842 1.9073486328125e-08
1.628 1.9073486328125e-08
1.6242 1.9073486328125e-08
1.5601 1.9073486328125e-08
1.5804 1.9073486328125e-08
1.6454 9.5367431640625e-09
1.5701 9.5367431640625e-09
1.9303 9.5367431640625e-09
1.6141 9.5367431640625e-09
1.5773 9.5367431640625e-09
1.726 4.76837158203125e-09
1.6837 4.76837158203125e-09
1.5964 4.76837158203125e-09
1.6472 4.76837158203125e-09
1.5764 4.76837158203125e-09
1.8148 2.384185791015625e-09
2.0936 2.384185791015625e-09
1.5068 2.384185791015625e-09
1.5994 2.384185791015625e-09
1.5006 2.384185791015625e-09
1.6912 1.1920928955078125e-09
1.6701 1.1920928955078125e-09
2.0576 1.1920928955078125e-09
1.7269 1.1920928955078125e-09
1.6575 1.1920928955078125e-09
1.6654 5.960464477539063e-10
1.6369 5.960464477539063e-10
2.1265 5.960464477539063e-10
1.5015 5.960464477539063e-10
1.5519 5.960464477539063e-10
